0.00000000e+000	7.53380228e-002	
7.53768844e-003	7.51529368e-002	
1.50753769e-002	7.49678214e-002	
2.26130653e-002	7.47827060e-002	
3.01507538e-002	7.45975906e-002	
3.76884422e-002	7.43906337e-002	
4.52261307e-002	7.39463445e-002	
5.27638191e-002	7.35020554e-002	
6.03015075e-002	7.30577663e-002	
6.78391960e-002	7.25055017e-002	
7.53768844e-002	7.19467027e-002	
8.29145729e-002	7.13879037e-002	
9.04522613e-002	7.08291047e-002	
9.79899497e-002	7.02703057e-002	
1.05527638e-001	6.96378558e-002	
1.13065327e-001	6.89967756e-002	
1.20603015e-001	6.83556955e-002	
1.28140704e-001	6.76765260e-002	
1.35678392e-001	6.68743554e-002	
1.43216080e-001	6.60721848e-002	
1.50753769e-001	6.52116125e-002	
1.58291457e-001	6.40429621e-002	
1.65829146e-001	6.29351696e-002	
1.73366834e-001	6.18273771e-002	
1.80904523e-001	6.07195845e-002	
1.88442211e-001	5.96117920e-002	
1.95979899e-001	5.85039995e-002	
2.03517588e-001	5.73962070e-002	
2.11055276e-001	5.62260363e-002	
2.18592965e-001	5.48579639e-002	
2.26130653e-001	5.34713597e-002	
2.33668342e-001	5.21342826e-002	
2.41206030e-001	5.07972055e-002	
2.48743719e-001	4.94601284e-002	
2.56281407e-001	4.81230513e-002	
2.63819095e-001	4.67859742e-002	
2.71356784e-001	4.54754053e-002	
2.78894472e-001	4.45032902e-002	
2.86432161e-001	4.35311750e-002	
2.93969849e-001	4.25100507e-002	
3.01507538e-001	4.11883973e-002	
3.09045226e-001	3.98667439e-002	
3.16582915e-001	3.85450905e-002	
3.24120603e-001	3.72234371e-002	
3.31658291e-001	3.59017837e-002	
3.39195980e-001	3.45801304e-002	
3.46733668e-001	3.32584770e-002	
3.54271357e-001	3.19368236e-002	
3.61809045e-001	3.05901831e-002	
3.69346734e-001	2.92534491e-002	
3.76884422e-001	2.79167151e-002	
3.84422111e-001	2.65799811e-002	
3.91959799e-001	2.52432471e-002	
3.99497487e-001	2.39369023e-002	
4.07035176e-001	2.28323171e-002	
4.14572864e-001	2.17277319e-002	
4.22110553e-001	2.06231466e-002	
4.29648241e-001	1.92800487e-002	
4.37185930e-001	1.78579335e-002	
4.44723618e-001	1.64358183e-002	
4.52261307e-001	1.52877682e-002	
4.59798995e-001	1.41772474e-002	
4.67336683e-001	1.30667266e-002	
4.74874372e-001	1.19457134e-002	
4.82412060e-001	1.07765256e-002	
4.89949749e-001	9.72580413e-003	
4.97487437e-001	8.73226640e-003	
5.05025126e-001	7.73872866e-003	
5.12562814e-001	6.74519092e-003	
5.20100503e-001	5.72020858e-003	
5.27638191e-001	4.75912116e-003	
5.35175879e-001	3.93775288e-003	
5.42713568e-001	3.11638459e-003	
5.50251256e-001	2.28866773e-003	
5.57788945e-001	1.42993403e-003	
5.65326633e-001	5.71200331e-004	
5.72864322e-001	-2.87533367e-004	
5.80402010e-001	-1.14626706e-003	
5.87939698e-001	-2.00500076e-003	
5.95477387e-001	-2.92795323e-003	
6.03015075e-001	-3.79155310e-003	
6.10552764e-001	-4.56367347e-003	
6.18090452e-001	-5.33409799e-003	
6.25628141e-001	-6.10452252e-003	
6.33165829e-001	-6.87494705e-003	
6.40703518e-001	-7.64537158e-003	
6.48241206e-001	-8.41579610e-003	
6.55778894e-001	-9.18622063e-003	
6.63316583e-001	-9.95664516e-003	
6.70854271e-001	-1.07270697e-002	
6.78391960e-001	-1.14161479e-002	
6.85929648e-001	-1.20101622e-002	
6.93467337e-001	-1.25973874e-002	
7.01005025e-001	-1.31107525e-002	
7.08542714e-001	-1.36241176e-002	
7.16080402e-001	-1.41374827e-002	
7.23618090e-001	-1.46508478e-002	
7.31155779e-001	-1.51642129e-002	
7.38693467e-001	-1.56583154e-002	
7.46231156e-001	-1.61433307e-002	
7.53768844e-001	-1.66412174e-002	
7.61306533e-001	-1.71439183e-002	
7.68844221e-001	-1.76466192e-002	
7.76381910e-001	-1.81493201e-002	
7.83919598e-001	-1.86520210e-002	
7.91457286e-001	-1.91547219e-002	
7.98994975e-001	-1.95815689e-002	
8.06532663e-001	-1.99792610e-002	
8.14070352e-001	-2.02468360e-002	
8.21608040e-001	-2.04881604e-002	
8.29145729e-001	-2.07294849e-002	
8.36683417e-001	-2.09708094e-002	
8.44221106e-001	-2.12121338e-002	
8.51758794e-001	-2.14534583e-002	
8.59296482e-001	-2.16947828e-002	
8.66834171e-001	-2.19257375e-002	
8.74371859e-001	-2.21795405e-002	
8.81909548e-001	-2.24417296e-002	
8.89447236e-001	-2.27039187e-002	
8.96984925e-001	-2.29661078e-002	
9.04522613e-001	-2.32282969e-002	
9.12060302e-001	-2.34904860e-002	
9.19597990e-001	-2.37526751e-002	
9.27135678e-001	-2.39856768e-002	
9.34673367e-001	-2.42055124e-002	
9.42211055e-001	-2.44384417e-002	
9.49748744e-001	-2.46749699e-002	
9.57286432e-001	-2.49114981e-002	
9.64824121e-001	-2.51480263e-002	
9.72361809e-001	-2.53845545e-002	
9.79899497e-001	-2.56215222e-002	
9.87437186e-001	-2.58501690e-002	
9.94974874e-001	-2.59888432e-002	
1.00251256e+000	-2.61275175e-002	
1.01005025e+000	-2.62661918e-002	
1.01758794e+000	-2.64048661e-002	
1.02512563e+000	-2.64413662e-002	
1.03266332e+000	-2.64559256e-002	
1.04020101e+000	-2.64704849e-002	
1.04773869e+000	-2.64850442e-002	
1.05527638e+000	-2.64996035e-002	
1.06281407e+000	-2.65141628e-002	
1.07035176e+000	-2.65508688e-002	
1.07788945e+000	-2.66666400e-002	
1.08542714e+000	-2.67824112e-002	
1.09296482e+000	-2.69013059e-002	
1.10050251e+000	-2.70245557e-002	
1.10804020e+000	-2.71478054e-002	
1.11557789e+000	-2.72674181e-002	
1.12311558e+000	-2.73227875e-002	
1.13065327e+000	-2.73301449e-002	
1.13819095e+000	-2.73375023e-002	
1.14572864e+000	-2.73448597e-002	
1.15326633e+000	-2.73522172e-002	
1.16080402e+000	-2.73868249e-002	
1.16834171e+000	-2.74702898e-002	
1.17587940e+000	-2.75733324e-002	
1.18341709e+000	-2.76763750e-002	
1.19095477e+000	-2.77794176e-002	
1.19849246e+000	-2.78824602e-002	
1.20603015e+000	-2.79203475e-002	
1.21356784e+000	-2.79323829e-002	
1.22110553e+000	-2.79257354e-002	
1.22864322e+000	-2.79190878e-002	
1.23618090e+000	-2.79124403e-002	
1.24371859e+000	-2.79057927e-002	
1.25125628e+000	-2.78991452e-002	
1.25879397e+000	-2.79066630e-002	
1.26633166e+000	-2.79180469e-002	
1.27386935e+000	-2.79208547e-002	
1.28140704e+000	-2.79101349e-002	
1.28894472e+000	-2.78994150e-002	
1.29648241e+000	-2.78886952e-002	
1.30402010e+000	-2.79095820e-002	
1.31155779e+000	-2.79341404e-002	
1.31909548e+000	-2.79586987e-002	
1.32663317e+000	-2.79832570e-002	
1.33417085e+000	-2.80074046e-002	
1.34170854e+000	-2.80288605e-002	
1.34924623e+000	-2.80503164e-002	
1.35678392e+000	-2.80717724e-002	
1.36432161e+000	-2.80325212e-002	
1.37185930e+000	-2.79679611e-002	
1.37939698e+000	-2.79034010e-002	
1.38693467e+000	-2.78388409e-002	
1.39447236e+000	-2.77742808e-002	
1.40201005e+000	-2.77352563e-002	
1.40954774e+000	-2.77131035e-002	
1.41708543e+000	-2.77037640e-002	
1.42462312e+000	-2.76965045e-002	
1.43216080e+000	-2.76892450e-002	
1.43969849e+000	-2.76819856e-002	
1.44723618e+000	-2.76747261e-002	
1.45477387e+000	-2.76472640e-002	
1.46231156e+000	-2.76086390e-002	
1.46984925e+000	-2.75700140e-002	
1.47738693e+000	-2.75313890e-002	
1.48492462e+000	-2.74927640e-002	
1.49246231e+000	-2.74541391e-002	
1.50000000e+000	-2.74155151e-002	
